21	5022694	5025008	1	1	0	0	1	21
21	5025050	5026279	1	1	0	0	1	25
21	5026631	5027934	1	1	0	0	4	40
21	5028226	5032052	1	1	0	0	3	15
21	5117232	5118690	2	6	0	24	3	48
21	5118848	5121710	2	2	0	1	6	27
21	5121804	5124755	2	2	0	2	7	49
21	5124876	5125878	2	2	0	0	13	46
21	5125993	5127897	2	2	0	4	10	50
21	5125993	5128213	2	2	0	0	1	23
21	5127951	5128213	2	2	0	8	14	49
21	5131456	5133425	2	2	0	0	1	22
21	5133501	5133654	2	2	0	0	4	34
21	5133806	5133901	2	2	0	0	5	30
21	5134121	5135088	2	2	0	0	3	29
21	5135155	5135934	2	2	0	1	0	14
21	5136044	5137326	2	2	0	3	0	40
21	5137475	5139697	2	2	0	1	1	29
21	5139879	5140952	2	2	0	1	1	47
21	5141104	5141276	2	2	0	1	0	33
21	5141425	5141558	2	2	0	0	4	27
21	5141708	5142531	2	2	0	0	1	20
21	5142669	5143221	2	2	0	0	2	24
21	5143293	5144090	2	2	0	3	0	48
21	5146367	5146657	2	2	0	0	3	38
21	5146794	5147288	2	2	0	0	1	36
21	5147433	5147778	2	2	0	0	2	31
21	5158760	5159079	2	2	0	0	2	37
21	5159275	5163517	2	2	0	0	3	45
21	6112240	6112738	1	1	0	0	1	39
21	6112856	6116223	1	1	0	0	1	37
21	6116288	6116461	1	1	0	0	3	36
21	6117019	6117127	1	1	0	0	1	38
21	6117252	6117803	1	1	0	0	2	43
21	6118028	6118255	1	1	0	0	3	45
21	6118403	6118782	1	1	0	0	3	46
21	6118909	6119023	1	1	0	0	1	45
21	6119241	6119719	1	1	0	0	4	39
21	6120002	6120486	1	1	0	1	5	48
21	6120719	6121143	1	1	0	0	1	36
21	6445662	6448480	2	2	0	0	2	30
21	6449932	6450511	2	2	0	0	1	24
21	6450647	6450903	2	2	0	0	1	19
21	6450982	6452118	2	2	0	0	2	40
21	6452225	6453988	2	2	0	0	1	26
21	6454074	6454630	2	2	0	0	5	48
21	6454757	6455577	2	2	0	0	4	46
21	6456951	6457064	2	2	0	0	3	24
21	6457200	6457293	2	2	0	0	2	30
21	6457374	6457920	2	2	0	0	3	32
21	6458056	6460186	2	2	0	0	5	49
21	6460294	6463662	2	2	0	0	6	46
21	6463880	6464943	2	2	0	0	2	37
21	6484917	6486137	2	2	0	0	21	46
21	6486231	6486321	2	2	0	0	51	49
21	6486456	6487106	2	2	0	0	74	50
21	6487206	6487362	2	2	0	0	31	47
21	6487413	6492130	2	2	0	0	24	48
21	6487413	6493043	2	2	0	0	1	15
21	6492198	6495992	2	2	0	0	39	50
21	6496081	6499128	2	2	0	0	11	47
21	7745742	7748903	1	1	0	0	1	27
21	7748988	7754951	1	1	0	0	7	38
21	7748988	7769186	1	1	0	0	1	31
21	7755119	7758104	1	1	0	0	13	39
21	7755119	7769186	1	1	0	0	1	21
21	7769376	7771566	1	1	0	0	1	49
21	9069342	9069444	2	2	0	1	0	20
21	9070445	9070763	2	2	0	1	0	41
21	9070445	9070789	2	2	0	2	0	38
21	14374285	14375651	2	2	0	5	0	41
21	14375820	14378198	2	2	0	5	0	44
21	14378413	14381202	2	2	0	2	0	33
21	14486115	14498441	2	2	0	1	0	34
21	14498593	14500528	2	2	0	3	0	35
21	14500736	14510309	2	2	0	5	0	38
21	14510462	14512443	2	2	0	1	0	45
21	14517042	14521149	2	2	0	5	0	44
21	15730439	15762890	1	1	0	1	0	22
21	15762969	15765996	1	1	0	4	0	31
21	15766142	15777903	1	1	0	2	0	28
21	15778028	15791501	1	1	0	5	0	32
21	15791665	15799756	1	1	0	1	0	43
21	15799844	15805120	1	1	0	3	0	43
21	15805259	15808808	1	1	0	3	0	50
21	15805259	15811136	1	1	0	2	0	30
21	15808886	15811136	1	1	0	1	0	17
21	15809239	15811136	1	1	0	1	0	46
21	15811211	15818697	1	1	0	1	0	30
21	15818847	15824038	1	1	0	4	0	28
21	15822412	15824038	1	1	0	1	0	22
21	15824167	15824965	1	1	0	4	0	41
21	15825062	15826203	1	1	0	3	0	50
21	15826366	15826976	1	1	0	14	0	42
21	15827204	15830530	1	1	0	11	0	49
21	15830602	15831400	1	1	0	10	0	48
21	15831630	15833347	1	1	0	7	0	47
21	15833549	15842397	1	1	0	7	0	38
21	15833549	15864267	1	1	0	1	0	48
21	15842541	15849776	1	1	0	1	0	35
21	15842541	15864267	1	1	0	8	1	48
21	15864447	15866265	1	1	0	3	0	43
21	15866345	15870067	1	1	0	2	0	42
21	15870148	15874402	1	1	0	4	0	42
21	15874527	15877795	1	1	0	3	0	39
21	15877992	15878302	1	1	0	14	0	41
21	16419742	16487489	1	1	0	8	0	42
21	16487539	16537378	1	1	0	6	0	45
21	16535710	16537378	1	1	0	2	0	23
21	16537440	16606993	1	1	0	5	0	49
21	16564810	16594339	1	1	0	0	1	36
21	16594455	16606993	1	1	0	5	0	43
21	17513173	17547026	1	1	0	4	0	49
21	17547194	17551748	1	1	0	12	0	46
21	17551954	17558975	1	1	0	6	0	47
21	17559132	17560701	1	1	0	14	0	50
21	17560825	17561337	1	1	0	23	0	47
21	17561477	17565427	1	1	0	15	0	49
21	17565612	17593151	1	1	0	7	0	40
21	17594333	17598616	2	2	0	73	2	48
21	17598825	17604144	2	2	0	4	0	17
21	17598825	17604859	2	2	0	34	0	48
21	17598825	17608971	2	2	0	1	0	34
21	17604998	17608971	2	2	0	48	0	45
21	17607671	17608971	2	2	0	1	0	16
21	17609153	17610775	2	2	0	1	0	46
21	17609153	17611619	2	2	0	1	0	25
21	17609153	17612698	2	2	0	17	0	46
21	17793582	17795207	2	2	0	7	0	34
21	17795271	17796581	2	2	0	8	0	45
21	17797119	17818191	2	2	0	3	0	46
21	17818326	17819302	2	2	0	2	0	43
21	18256819	18256969	1	1	0	2	0	43
21	18257128	18260199	1	1	0	2	0	48
21	18262894	18265953	1	1	0	2	0	25
21	25585755	25588834	2	2	0	5	0	45
21	25588883	25592811	2	2	0	9	0	42
21	25592966	25593892	2	2	0	22	0	48
21	25593959	25597301	2	2	0	9	0	44
21	25597415	25599798	2	2	0	3	0	29
21	25599867	25601367	2	2	0	3	0	38
21	25601468	25603795	2	2	0	4	0	47
21	25606656	25607402	2	2	0	2	0	34
21	25706087	25709433	1	1	0	1	0	16
21	25709450	25712339	1	1	0	1	0	16
21	25724678	25725225	2	2	0	287	0	50
21	25725351	25729630	2	2	0	300	2	50
21	25729802	25734332	2	2	0	8	0	48
21	25729802	25734852	2	2	0	123	0	43
21	25729802	25734988	2	2	0	6	0	43
21	25729802	25735314	2	2	0	3	0	43
21	25734376	25734852	2	2	0	1	0	33
21	25735579	25741572	1	1	0	3	0	39
21	25745355	25749035	1	1	0	1	0	17
21	25749121	25751988	1	1	0	4	0	47
21	25752235	25758009	1	1	0	1	0	46
21	25758205	25762311	1	1	0	1	0	24
21	25762366	25764209	1	1	0	1	0	14
21	25764351	25764594	1	1	0	5	0	46
21	25764788	25769003	1	1	0	6	0	38
21	25881772	25891721	2	2	0	52	0	50
21	25891869	25897572	2	2	0	30	0	48
21	25897674	25905023	2	2	0	33	0	46
21	25905078	25911740	2	2	0	49	0	50
21	25911963	25954589	2	2	0	49	0	47
21	25945248	26050999	2	2	0	0	3	24
21	25954690	25955626	2	2	0	27	0	50
21	25955756	25975069	2	2	0	47	0	47
21	25975229	25975953	2	2	0	14	0	50
21	25976029	25982343	2	2	0	23	0	46
21	25982478	25997359	2	2	0	10	0	48
21	25982478	26000014	2	2	0	10	0	48
21	25997417	26000014	2	2	0	5	0	49
21	26000183	26021839	2	2	0	24	3	32
21	26051194	26053235	2	2	0	31	0	49
21	26053349	26089942	2	2	0	32	0	46
21	26090073	26111978	2	2	0	34	0	49
21	26112147	26170563	2	2	0	25	0	44
21	26838279	26838438	2	2	0	3	0	48
21	26838615	26839586	2	2	0	3	0	34
21	26839763	26839874	2	2	0	2	0	38
21	26840062	26840275	2	2	0	3	0	20
21	26840563	26840997	2	2	0	2	0	37
21	26841166	26841857	2	2	0	2	0	35
21	26841991	26842338	2	2	0	2	0	33
21	26842686	26844224	2	2	0	4	0	44
21	26943548	26954738	2	2	0	1	0	23
21	28876492	28878191	2	2	0	5	0	40
21	28878334	28879869	2	2	0	4	0	45
21	28879954	28882159	2	2	0	4	0	48
21	28882251	28882984	2	2	0	2	0	20
21	28883072	28885211	2	2	0	1	0	17
21	28930511	28931154	2	2	0	11	0	39
21	28931323	28932469	2	2	0	2	0	40
21	28932665	28935108	2	2	0	7	0	41
21	28935330	28936525	2	2	0	6	0	36
21	28936698	28941219	2	2	0	3	0	48
21	28941407	28943261	2	2	0	4	0	47
21	28943337	28943666	2	2	0	4	0	38
21	28943905	28944382	2	4	0	3	0	33
21	28944597	28945806	2	2	0	4	0	40
21	28945952	28946151	2	2	0	3	0	26
21	28952265	28953216	2	2	0	2	0	16
21	28953377	28956761	2	2	0	4	0	44
21	28956949	28957331	2	2	0	1	0	31
21	28957477	28958385	2	2	0	2	0	48
21	28958540	28959457	2	2	0	3	0	48
21	28959698	28960516	2	2	0	9	0	43
21	28960707	28965864	2	2	0	4	0	44
21	28960707	28998110	2	2	0	1	0	21
21	28967180	28969465	2	2	0	3	0	27
21	28969602	28970551	2	2	0	2	0	27
21	28970743	28971270	2	2	0	2	0	44
21	28971445	28981118	2	2	0	3	0	34
21	28982369	28984691	2	2	0	2	0	45
21	28986238	28986730	2	4	0	3	0	29
21	28986935	28992763	2	2	0	1	0	12
21	29006652	29007760	2	2	0	10	0	46
21	29008124	29008239	2	2	0	1	0	16
21	29008124	29008394	2	2	0	2	0	42
21	29008308	29008394	2	2	0	3	0	42
21	29008622	29019210	2	2	0	8	0	49
21	29024778	29027872	1	1	0	5	0	38
21	29027975	29030594	1	1	0	7	0	47
21	29030774	29034836	1	1	0	5	0	50
21	29034941	29036270	1	1	0	6	0	47
21	29036375	29037275	1	1	0	2	0	34
21	29037464	29038334	1	1	0	12	0	42
21	29038431	29039025	1	1	0	5	0	42
21	29039157	29039480	1	1	0	5	0	41
21	29039569	29040608	1	1	0	1	0	23
21	29040688	29042012	1	1	0	3	0	37
21	29042105	29042471	1	1	0	3	0	41
21	29042529	29043422	1	1	0	4	0	32
21	29043600	29046666	1	1	0	22	0	46
21	29047322	29048760	1	1	0	12	0	49
21	29048856	29050091	1	1	0	5	0	46
21	29050179	29053801	1	1	0	5	1	49
21	29053959	29054065	1	1	0	16	0	42
21	29056553	29060540	2	2	0	136	0	50
21	29060661	29061252	2	2	0	73	0	48
21	29061418	29061495	2	2	0	127	0	48
21	29061568	29062127	2	2	0	125	0	49
21	29062244	29062327	2	2	0	106	0	49
21	29062416	29062489	2	2	0	62	0	50
21	29062557	29063351	2	2	0	66	0	50
21	29063531	29064697	2	2	0	1	0	19
21	29063531	29064967	2	2	0	111	0	50
21	29065106	29066715	2	2	0	80	1	49
21	29066778	29066890	2	2	0	91	1	49
21	29067072	29067555	2	4	0	35	0	49
21	29067706	29069422	2	2	0	69	0	49
21	29069503	29070246	2	2	0	45	5	48
21	29070338	29073530	2	2	0	75	3	48
21	29149251	29159940	1	1	0	1	0	23
21	29321515	29326058	1	1	0	3	0	33
21	29327394	29329486	1	1	0	4	0	41
21	29329694	29342398	1	1	0	3	0	48
21	29637434	29650570	1	1	0	1	0	20
21	31120838	31124521	2	2	0	1	0	21
21	31124695	31127064	2	2	0	1	0	18
21	31127153	31130212	2	2	0	1	0	38
21	31130949	31135932	2	2	0	1	0	13
21	31141237	31141324	2	2	0	5	0	44
21	31141505	31146894	2	2	0	4	0	41
21	31147004	31152635	2	2	0	1	0	22
21	31153135	31154246	2	2	0	3	0	23
21	31154427	31164961	2	2	0	2	0	47
21	31165066	31182420	2	2	0	4	0	38
21	31195306	31202907	2	2	0	1	0	13
21	31203013	31210044	2	2	0	4	0	33
21	31213473	31217552	2	2	0	1	0	41
21	31217700	31223405	2	2	0	1	0	40
21	31223592	31225725	2	2	0	1	0	13
21	31252190	31266009	2	2	0	1	0	36
21	31266984	31276731	2	2	0	2	0	16
21	31276909	31339242	2	2	0	2	0	46
21	31339423	31344137	2	2	0	1	0	21
21	31663887	31666448	1	1	0	38	0	49
21	31666519	31667257	1	1	0	56	0	49
21	31667376	31668470	1	1	0	252	0	50
21	31672355	31685048	2	2	0	3	0	28
21	31685175	31685397	2	2	0	1	0	33
21	31685241	31685397	2	2	0	2	0	31
21	31685485	31685567	2	2	0	10	0	48
21	31685734	31688306	2	2	0	6	0	43
21	31688465	31690796	2	2	0	10	0	35
21	31690954	31691816	2	2	0	9	0	49
21	31692450	31693293	2	2	0	8	0	40
21	31693485	31694203	2	2	0	2	0	33
21	31693485	31694215	2	2	0	1	0	36
21	31694289	31694811	0	0	0	7	3	49
21	31694981	31696112	2	2	0	6	0	22
21	31696222	31696568	2	2	0	5	0	44
21	31696751	31700994	2	2	0	6	0	48
21	31701172	31701775	2	2	0	7	0	42
21	31701919	31702243	2	2	0	5	0	45
21	31703927	31705422	2	2	0	6	0	45
21	31705468	31706273	2	2	0	4	0	45
21	31866707	31872287	2	2	0	1	0	26
21	31872457	31873857	2	2	0	1	0	12
21	31924761	31940164	1	1	0	3	0	47
21	31940221	31946035	1	1	0	1	0	40
21	31946172	31958842	1	1	0	2	0	27
21	31958971	31968249	1	1	0	5	0	36
21	31968386	31974554	1	1	0	3	0	35
21	31974718	31983525	1	1	0	1	0	32
21	31983610	31990128	1	1	0	1	0	15
21	31990177	31995767	1	1	0	3	0	46
21	31995949	31998525	1	1	0	4	0	47
21	32269118	32269706	2	2	0	11	0	48
21	32269804	32270406	2	2	0	13	0	46
21	32270530	32274829	2	2	0	9	0	46
21	32274897	32278680	2	2	0	9	0	50
21	32315100	32316465	2	2	0	11	0	41
21	32317066	32317675	2	2	0	10	0	38
21	32317918	32319216	2	2	0	12	0	47
21	32319415	32320530	2	2	0	5	0	37
21	32320641	32321800	2	2	0	6	0	48
21	32321945	32322477	2	2	0	7	0	42
21	32322585	32324490	2	2	0	4	0	35
21	32324603	32325228	2	2	0	6	0	48
21	32325390	32333316	2	2	0	4	0	33
21	32333420	32334162	2	2	0	5	0	49
21	32334335	32337093	2	2	0	2	0	38
21	32337158	32337403	0	0	0	4	0	45
21	32337515	32338706	2	2	0	3	0	43
21	32338901	32341465	2	2	0	7	0	38
21	32341525	32344569	2	2	0	8	0	45
21	32344757	32345373	2	2	0	7	0	40
21	32344757	32346955	2	2	0	1	0	36
21	32345576	32346955	2	2	0	6	0	48
21	32347812	32349303	2	2	0	2	1	13
21	32350923	32352709	2	2	0	1	0	24
21	32352907	32353932	2	2	0	5	0	30
21	32354104	32354858	2	2	0	1	0	12
21	32354998	32355448	2	2	0	3	0	30
21	32355566	32357536	2	2	0	3	0	39
21	32357657	32359795	2	2	0	3	0	28
21	32359909	32361006	2	2	0	1	0	41
21	32361124	32361891	2	2	0	1	0	26
21	32362022	32363155	2	2	0	5	0	46
21	32363330	32366617	2	2	0	4	0	50
21	32366756	32368402	2	2	0	4	0	41
21	32368599	32372506	2	2	0	2	0	30
21	32372632	32373646	2	2	0	2	0	37
21	32373773	32375397	2	2	0	1	0	40
21	32383555	32384312	2	2	0	5	0	42
21	32384465	32385544	2	2	0	6	0	49
21	32385685	32392768	2	2	0	4	0	36
21	32413014	32453311	1	1	0	16	0	40
21	32413014	32457599	1	1	0	1	0	41
21	32413014	32461448	1	1	0	0	1	22
21	32413014	32467695	1	1	0	7	0	40
21	32453509	32457596	1	1	0	12	0	45
21	32453509	32457599	1	1	0	3	0	45
21	32453509	32467695	1	1	0	4	0	35
21	32457721	32467695	1	1	0	24	1	48
21	32467849	32495026	1	1	0	20	0	48
21	32495171	32501414	1	1	0	20	0	49
21	32495171	32514813	1	1	0	1	0	45
21	32501496	32503925	1	1	0	8	0	42
21	32504016	32514813	1	1	0	13	0	44
21	32601974	32602271	2	2	0	32	0	49
21	32602368	32603160	2	2	0	26	0	48
21	32603293	32604124	2	2	0	37	0	47
21	32604284	32607648	2	2	0	22	0	45
21	32607717	32609837	2	2	0	49	0	50
21	32609955	32612104	2	2	0	1	0	29
21	32610006	32612104	2	2	0	22	0	46
21	32612258	32612298	0	0	0	6	3	47
21	32631802	32638907	2	2	0	2	0	41
21	32639126	32639670	2	2	0	2	0	49
21	32641967	32645645	2	2	0	1	0	21
21	32646603	32650183	2	2	0	1	0	48
21	32656903	32657002	2	2	0	1	0	13
21	32657121	32657715	2	2	0	1	0	20
21	32657873	32664912	2	2	0	2	0	26
21	32665072	32665942	2	2	0	1	0	19
21	32666574	32670287	2	2	0	1	0	13
21	32670373	32673339	2	2	0	2	0	15
21	32670860	32673339	2	2	0	2	0	16
21	32678811	32681495	2	2	0	1	0	39
21	32681649	32684037	2	2	0	3	0	19
21	32695283	32699837	2	2	0	1	0	21
21	32695283	32701960	2	2	0	1	0	44
21	32726918	32727836	2	2	0	2	0	48
21	32735068	32737253	2	2	0	17	1	43
21	32737409	32738172	2	2	0	8	0	21
21	32738320	32743247	2	2	0	11	0	37
21	32743315	32743677	2	2	0	5	0	42
21	32743755	32744791	2	2	0	10	0	41
21	32744914	32745573	2	2	0	25	0	49
21	32745719	32748498	2	2	0	31	0	48
21	32748699	32750916	2	2	0	26	0	44
21	32748699	32751118	2	2	0	1	0	33
21	32751033	32751118	2	2	0	17	0	46
21	32751219	32755212	2	2	0	4	0	39
21	32751219	32755229	2	2	0	1	0	33
21	32755354	32756254	2	2	0	1	0	30
21	32755354	32759079	2	2	0	5	0	41
21	32759270	32759776	2	2	0	6	0	38
21	32759995	32761058	2	2	0	11	0	49
21	32761163	32762095	2	2	0	12	3	41
21	32762318	32764347	2	2	0	11	0	46
21	32764525	32769813	2	2	0	15	0	49
21	32768506	32769813	2	2	0	1	0	24
21	32769943	32771325	2	2	0	2	0	29
21	33071686	33072051	1	1	0	3	0	28
21	33215514	33238692	2	2	0	1	0	17
21	33230217	33241839	1	1	0	4	0	39
21	33230217	33241885	1	1	0	3	0	32
21	33241978	33243672	1	1	0	3	0	19
21	33243715	33244950	1	1	0	3	0	39
21	33245075	33246717	1	1	0	19	0	46
21	33246891	33248708	1	1	0	12	0	47
21	33248855	33252661	1	1	0	21	2	43
21	33252831	33260596	1	1	0	17	0	42
21	33252831	33262792	1	1	0	5	0	44
21	33260728	33262792	1	1	0	5	0	39
21	33266515	33268393	1	1	0	9	0	37
21	33268518	33276595	1	1	0	7	0	47
21	33268518	33279751	1	1	0	1	0	12
21	33276754	33279751	1	1	0	10	0	50
21	33279919	33283093	1	1	0	9	0	47
21	33283242	33288103	1	1	0	9	0	44
21	33288262	33296183	1	1	0	17	1	46
21	33325132	33335523	1	1	0	2	0	25
21	33335648	33340998	1	1	0	7	0	49
21	33341175	33343267	1	1	0	7	0	45
21	33343423	33343534	1	1	0	7	0	44
21	33343677	33345245	1	1	0	7	0	45
21	33345361	33349090	1	1	0	11	0	39
21	33349291	33349388	1	1	0	17	1	47
21	33349544	33352757	1	1	0	13	1	45
21	33352909	33353637	1	1	0	9	0	36
21	33353784	33355315	1	1	0	15	0	48
21	33353784	33355330	1	1	0	1	0	34
21	33415021	33421479	1	1	0	27	1	49
21	33421686	33426883	1	1	0	40	1	48
21	33427033	33432176	1	3	0	44	3	49
21	33432337	33432713	1	1	0	31	0	48
21	33432803	33436882	2	2	0	8	0	40
21	33432803	33439213	2	2	0	4	0	43
21	33432872	33436827	1	1	0	61	0	50
21	33436945	33436969	1	1	0	1	0	28
21	33450864	33455726	2	2	0	13	0	42
21	33455785	33460412	2	2	0	11	0	44
21	33460506	33465341	2	2	0	7	0	44
21	33465410	33467009	2	2	0	19	0	50
21	33467123	33468786	2	2	0	15	0	50
21	33468927	33479837	2	2	0	3	0	30
21	33489425	33491601	2	2	0	1	0	35
21	33504316	33504411	2	2	0	19	0	44
21	33504528	33505560	2	2	0	5	0	27
21	33505703	33505973	2	2	0	6	0	47
21	33506105	33509782	2	2	0	4	0	47
21	33509921	33511251	2	2	0	10	0	49
21	33511459	33516988	2	2	0	14	1	45
21	33517142	33517356	2	2	0	9	0	41
21	33517609	33520363	2	2	0	5	1	40
21	33520563	33520905	2	2	0	4	0	34
21	33521016	33522187	2	2	0	6	0	37
21	33522283	33524768	2	2	0	6	0	47
21	33525001	33528166	2	2	0	36	0	46
21	33528336	33528518	2	2	0	27	0	49
21	33528605	33528849	2	2	0	6	0	41
21	33528938	33530758	2	2	0	3	0	28
21	33530885	33531488	2	2	0	17	0	49
21	33531558	33532344	2	2	0	6	0	38
21	33532457	33534578	2	2	0	11	0	48
21	33534754	33535224	2	2	0	19	0	47
21	33535321	33539170	2	2	0	26	0	47
21	33539324	33542547	2	2	0	1	0	12
21	33539357	33542064	2	2	0	11	0	49
21	33543170	33546212	1	1	0	25	0	45
21	33546380	33549475	1	1	0	17	0	43
21	33550105	33550219	1	1	0	1	0	18
21	33554627	33968624	2	2	0	19	0	13
21	33555392	33557155	1	1	0	47	10	48
21	33557317	33557545	1	1	0	8	0	49
21	33557317	33559229	1	1	0	48	0	50
21	33559377	33559586	1	1	0	99	0	48
21	33559776	33561075	1	1	0	1	0	32
21	33559776	33567156	1	1	0	34	0	49
21	33567268	33568970	1	1	0	22	0	48
21	33569088	33571750	1	1	0	1	0	24
21	33569088	33572550	1	1	0	2	0	44
21	33569088	33573307	1	1	0	37	0	45
21	33572012	33573289	2	2	0	1	0	32
21	33572631	33573307	1	1	0	8	0	42
21	33573456	33575595	1	1	0	47	0	50
21	33575668	33575777	1	1	0	26	0	50
21	33578445	33579349	2	2	0	32	0	49
21	33579563	33581301	2	2	0	17	0	48
21	33581501	33581950	2	2	0	11	0	50
21	33582056	33582164	2	2	0	4	0	45
21	33582247	33583487	2	2	0	7	0	44
21	33583667	33584589	2	2	0	7	0	48
21	33584769	33585977	2	2	0	16	0	48
21	33586182	33587521	2	2	0	9	0	41
21	33589034	33589460	2	2	0	1	0	19
21	33591208	33595730	2	6	0	1	0	46
21	33595837	33597279	2	2	0	7	0	47
21	33596214	33597279	2	2	0	1	0	50
21	33597402	33599149	2	2	0	3	0	36
21	33599249	33602233	2	2	0	3	0	32
21	33599286	33602233	2	2	0	2	0	31
21	33603538	33613537	2	2	0	1	0	41
21	33721271	33722587	1	1	0	2	0	34
21	33722652	33735043	1	1	0	1	0	34
21	33735205	33750142	1	1	0	6	0	46
21	33750323	33751809	1	1	0	1	0	33
21	33761987	33765874	1	1	0	2	0	39
21	33766013	33767712	1	1	0	2	0	38
21	33767829	33772060	1	1	0	2	0	17
21	33774879	33774967	1	1	0	8	0	43
21	33775109	33781460	1	1	0	4	0	41
21	33781549	33781993	1	1	0	1	0	37
21	33782134	33794340	1	1	0	3	0	41
21	33797609	33799807	1	1	0	6	0	45
21	33799930	33810974	1	1	0	3	0	45
21	33811223	33813912	1	1	0	7	0	49
21	33814073	33818266	1	1	0	6	0	43
21	33818473	33819240	1	1	0	7	0	47
21	33819324	33823486	1	1	0	5	0	35
21	33819324	33829623	1	1	0	1	0	19
21	33823654	33826817	1	1	0	7	0	49
21	33826864	33829623	1	1	0	4	0	48
21	33829746	33834306	1	1	0	7	0	24
21	33834425	33836440	1	1	0	11	0	45
21	33836633	33836986	1	1	0	12	0	49
21	33836633	33856735	1	1	0	1	0	14
21	33883672	33885040	1	1	0	1	0	36
21	33885124	33885438	1	1	0	2	0	44
21	33885523	33886286	1	1	0	2	0	35
21	33903640	33903934	2	2	0	532	0	49
21	33903657	33903934	2	2	0	3	0	43
21	33904022	33907340	2	2	0	328	0	49
21	33907454	33909081	2	2	0	244	0	49
21	33907454	33912288	2	2	0	1	0	29
21	33907462	33909088	1	1	0	1	0	47
21	33909212	33912288	2	2	0	294	0	50
21	33912400	33914449	2	2	0	98	0	49
21	33914501	33915727	2	2	0	51	0	46
21	34073269	34094862	1	1	0	1	0	35
21	34073746	34074135	1	1	0	1	0	14
21	34073746	34094862	1	1	0	18	0	50
21	34073746	34125340	1	1	0	62	0	48
21	34073746	34142407	1	1	0	2	0	18
21	34097284	34125340	1	1	0	9	0	47
21	34102909	34103496	1	1	0	1	0	23
21	34103520	34125340	1	1	0	1	0	23
21	34125481	34142407	1	1	0	38	0	49
21	34180794	34182707	1	1	0	1	0	46
21	34376271	34379432	1	1	0	0	1	27
21	34379517	34385477	1	1	0	0	7	38
21	34379517	34399710	1	1	0	0	1	31
21	34385645	34388628	1	1	0	0	13	39
21	34385645	34399710	1	1	0	0	1	21
21	34399900	34402090	1	1	0	0	1	49
21	34518257	34521498	2	2	0	7	0	44
21	34521659	34523536	2	2	0	7	0	47
21	34523711	34526662	2	2	0	6	0	48
21	34792611	34799300	2	2	0	5	0	36
21	34799463	34834409	2	2	0	8	0	38
21	34799463	34859473	2	2	0	4	0	46
21	34834602	34859473	2	2	0	11	0	35
21	34859579	34880556	2	2	0	9	0	41
21	34880714	34882187	2	2	0	1	0	24
21	34880714	34886842	2	2	0	4	0	30
21	34883578	34883964	1	1	0	1	0	26
21	36035961	36036084	2	2	0	4	0	50
21	36036252	36038149	2	2	0	2	0	38
21	36038274	36040574	2	2	0	3	0	47
21	36041889	36043781	2	2	0	1	0	24
21	36043652	36043781	2	2	0	3	0	50
21	36043957	36045581	2	2	0	23	0	50
21	36046012	36048307	2	2	0	7	0	45
21	36046012	36053582	2	2	0	1	0	23
21	36048397	36053582	2	2	0	2	0	25
21	36053621	36057108	2	2	0	2	0	36
21	36057205	36058815	2	2	0	3	0	43
21	36058925	36059821	2	2	0	0	1	29
21	36058925	36060346	2	2	0	5	0	36
21	36058974	36060346	2	2	0	2	0	24
21	36070405	36070949	1	1	0	42	0	42
21	36071058	36072445	1	1	0	41	0	48
21	36135482	36137824	1	1	0	9	0	45
21	36137933	36146075	1	1	0	10	0	38
21	36156944	36164707	1	1	0	4	0	49
21	36200502	36208714	1	1	0	1	0	19
21	36208905	36211552	1	1	0	2	0	16
21	36212098	36214080	1	1	0	1	0	30
21	36214191	36214441	1	1	0	2	0	19
21	36214557	36219371	1	1	0	2	0	40
21	36219493	36223230	1	1	0	2	0	23
21	36223351	36225564	1	1	0	1	0	13
21	36227878	36230449	1	1	0	3	0	44
21	36231135	36232803	1	1	0	5	0	38
21	36237415	36238600	1	1	0	2	0	14
21	36239956	36245047	1	1	0	3	0	41
21	36246678	36247516	1	1	0	2	0	26
21	36247629	36248379	1	1	0	1	0	25
21	36248569	36251161	1	1	0	4	0	50
21	36251285	36253771	1	1	0	1	0	27
21	36253910	36260676	1	1	0	2	0	34
21	36263651	36263747	1	1	0	1	0	16
21	36263815	36270012	1	1	0	1	0	18
21	36270158	36277020	1	1	0	3	0	36
21	36277101	36277974	1	1	0	1	0	31
21	36278085	36278208	1	1	0	3	0	47
21	36278356	36280284	1	1	0	4	0	37
21	36281612	36288013	1	1	0	4	0	30
21	36288812	36289044	1	1	0	6	0	45
21	36289207	36292103	1	1	0	5	0	31
21	36292234	36293319	1	1	0	13	0	33
21	36320304	36333645	1	1	0	2	0	49
21	36320304	36336873	1	1	0	1	0	20
21	36333719	36336873	1	1	0	1	0	15
21	36337007	36337731	1	1	0	2	0	42
21	36337946	36338772	0	0	0	7	0	35
21	36338922	36341398	1	1	0	5	0	44
21	36341547	36344578	1	1	0	3	0	36
21	36344708	36344911	1	1	0	4	0	43
21	36345032	36349310	1	1	0	3	0	27
21	36349409	36356619	1	1	0	1	0	18
21	36356725	36359954	1	1	0	6	0	41
21	36360259	36362182	1	1	0	6	0	46
21	36364260	36368987	1	1	0	8	0	42
21	36369877	36372373	1	1	0	16	0	49
21	36372532	36375142	1	1	0	18	0	49
21	36385452	36386059	1	1	0	2	0	21
21	36386263	36387597	1	1	0	10	0	39
21	36387731	36391550	1	1	0	3	0	44
21	36391669	36394546	1	1	0	8	0	48
21	36394651	36397414	1	1	0	4	0	45
21	36397512	36399520	1	1	0	1	0	30
21	36402852	36408760	1	1	0	1	0	18
21	36408831	36409373	1	1	0	2	0	36
21	36409466	36411462	1	1	0	4	0	37
21	36411605	36412883	1	1	0	11	0	49
21	36413316	36415294	1	1	0	11	0	48
21	36415390	36416274	1	1	0	8	0	46
21	36699922	36709167	1	1	0	1	0	26
21	36712623	36719820	1	1	0	1	0	42
21	36723131	36726118	1	1	0	1	0	19
21	36726319	36731044	1	1	0	1	0	29
21	36731152	36741716	1	1	0	1	0	35
21	36741865	36743386	1	1	0	2	0	32
21	36743556	36744727	1	1	0	1	0	31
21	36754418	36756541	2	2	0	6	0	31
21	36756756	36759726	2	2	0	13	0	50
21	36756981	36759726	2	2	0	2	0	38
21	36759842	36765011	2	2	0	6	0	46
21	36765173	36767217	2	2	0	2	0	28
21	36767286	36896859	2	2	0	5	1	48
21	36897132	36910173	2	2	0	1	0	17
21	36897132	36930250	2	2	0	5	1	45
21	36930434	36936448	2	2	0	5	0	42
21	36930434	36936607	2	2	0	1	0	27
21	36937393	36938831	2	2	0	5	0	46
21	36938995	36962035	2	2	0	4	0	48
21	36946155	36962035	2	2	0	1	0	35
21	36962171	36966443	2	2	0	1	0	22
21	36998917	37140560	1	1	0	0	3	12
21	37013619	37017873	1	1	0	2	0	37
21	37065713	37067261	2	2	0	18	0	49
21	37067381	37069551	2	2	0	9	0	50
21	37069625	37072433	2	2	0	6	0	48
21	37072311	37072433	2	2	0	2	0	28
21	37072620	37108391	1	1	0	1	0	49
21	37087402	37087832	1	1	0	5	0	43
21	37087875	37088194	0	0	0	7	0	43
21	37088347	37088798	1	1	0	11	0	45
21	37088887	37090232	1	1	0	12	0	45
21	37088887	37091292	1	1	0	2	0	50
21	37090287	37091292	1	1	0	5	0	50
21	37091414	37094004	1	1	0	4	0	45
21	37094091	37095349	1	1	0	5	0	47
21	37095445	37096580	1	1	0	5	0	45
21	37096644	37108391	1	1	0	5	0	46
21	37108447	37121816	1	1	0	9	0	48
21	37121980	37122982	1	1	0	21	0	47
21	37123029	37124618	1	1	0	32	0	48
21	37124743	37126079	1	1	0	35	0	49
21	37126144	37129002	1	1	0	26	0	47
21	37129064	37132681	1	1	0	28	0	48
21	37129068	37132687	1	1	0	1	0	15
21	37132767	37135379	1	1	0	14	0	49
21	37135515	37138633	1	1	0	13	0	47
21	37138715	37140560	1	1	0	21	3	46
21	37140674	37144524	1	1	0	20	2	50
21	37144646	37147480	1	1	0	28	0	47
21	37147604	37148545	1	1	0	24	0	48
21	37148648	37150077	1	1	0	25	0	45
21	37150171	37150819	1	1	0	18	0	49
21	37150885	37151892	1	1	0	7	0	26
21	37152030	37152950	1	1	0	25	0	47
21	37153278	37156654	1	1	0	31	0	49
21	37156907	37157160	1	1	0	4	0	37
21	37156907	37159698	1	1	0	27	3	48
21	37157215	37159698	1	1	0	3	0	22
21	37158204	37159698	1	1	0	1	0	43
21	37159746	37160801	1	1	0	37	0	47
21	37160859	37161989	1	1	0	38	0	48
21	37162064	37164050	1	1	0	36	0	50
21	37164216	37165549	1	1	0	34	0	45
21	37166616	37167554	1	1	0	54	0	49
21	37167621	37172594	1	1	0	53	0	48
21	37172745	37182773	1	1	0	77	1	47
21	37172745	37185705	1	1	0	1	0	46
21	37182914	37185705	1	1	0	57	0	44
21	37185775	37187048	1	3	0	61	0	50
21	37187146	37188494	1	1	0	52	0	50
21	37188596	37191333	1	1	0	57	0	48
21	37188609	37191333	1	1	0	1	0	45
21	37191425	37192111	1	1	0	44	0	45
21	37192214	37195674	1	1	0	58	0	50
21	37196037	37197569	1	1	0	49	0	49
21	37197697	37197881	1	1	0	45	0	50
21	37198026	37200231	1	1	0	45	0	50
21	37200325	37201439	1	1	0	25	0	48
21	37200608	37201439	1	1	0	1	0	28
21	37201571	37202283	1	1	0	2	0	20
21	37225627	37227653	2	2	0	18	0	44
21	37227807	37228222	2	2	0	11	0	44
21	37228374	37232376	2	2	0	11	0	47
21	37232452	37233361	2	2	0	2	0	26
21	37233443	37238459	2	2	0	4	0	50
21	37238610	37240495	2	2	0	13	0	43
21	37240641	37267238	0	0	0	11	0	40
21	37295109	37296072	1	1	0	1	1	42
21	37367629	37420298	1	1	0	2	1	41
21	37420385	37472683	1	1	0	6	0	34
21	37472881	37478180	1	1	0	2	0	50
21	37472881	37478207	1	1	0	4	0	38
21	37478301	37480637	1	1	0	2	0	37
21	37480827	37486466	1	1	0	16	1	50
21	37486615	37490174	1	1	0	13	0	48
21	37490462	37493016	1	1	0	9	0	40
21	37493164	37496117	1	1	0	12	0	48
21	37493164	37496121	1	1	0	1	0	23
21	37496259	37505282	1	1	0	13	0	28
21	37505590	37506098	1	1	0	18	0	49
21	37506224	37511910	1	1	0	7	0	49
21	38391716	38392375	2	2	0	1	0	26
21	38400646	38402556	2	2	0	1	0	17
21	38402638	38403505	2	2	0	1	0	31
21	38403710	38423409	2	2	0	3	0	32
21	38423562	38445403	2	2	0	1	0	36
21	38445622	38448596	2	2	0	2	0	28
21	38445622	38448637	2	2	0	1	0	24
21	38810107	38813002	1	1	0	2	0	27
21	38813115	38814272	1	1	0	7	0	46
21	38814393	38814780	1	1	0	6	0	31
21	38814982	38817007	1	1	0	14	0	46
21	38817092	38818424	1	1	0	9	0	45
21	38818647	38819502	1	1	0	14	0	43
21	38819767	38821585	1	1	0	7	1	45
21	38821705	38822673	1	1	0	9	0	45
21	39175665	39177434	2	2	0	23	0	50
21	39177572	39178445	2	2	0	1	0	31
21	39177572	39178448	2	2	0	31	0	50
21	39178648	39179923	2	2	0	10	0	47
21	39178648	39180284	2	2	0	1	0	31
21	39179987	39180284	2	2	0	14	0	47
21	39180437	39181771	2	2	0	10	0	49
21	39181879	39183251	2	2	0	1	0	24
21	39197416	39198762	2	2	0	7	0	47
21	39199663	39200218	2	2	0	1	0	43
21	39200387	39202324	2	2	0	4	0	39
21	39202415	39206107	2	2	0	1	0	46
21	39202546	39206107	2	2	0	4	0	30
21	39206275	39209994	2	2	0	4	0	42
21	39210148	39210785	2	2	0	1	0	38
21	39215363	39218151	2	2	0	3	0	49
21	39218273	39218504	2	2	0	1	0	14
21	39224470	39225085	2	2	0	3	0	48
21	39228583	39229311	2	2	0	1	0	23
21	39229437	39232176	2	2	0	1	0	23
21	39232285	39232372	2	2	0	4	0	48
21	39238574	39247700	2	2	0	1	0	27
21	39247833	39250795	2	2	0	2	0	48
21	39255829	39258486	2	2	0	1	0	31
21	39264686	39264890	2	2	0	5	0	35
21	39270034	39270282	2	2	0	4	0	48
21	39270434	39274185	2	2	0	1	0	39
21	39270434	39274373	2	2	0	2	0	43
21	39274473	39276172	2	2	0	2	0	41
21	39276214	39277250	2	2	0	2	0	30
21	39277352	39278742	2	2	0	1	0	23
21	39278814	39280147	2	2	0	2	0	46
21	39294033	39295742	2	2	0	2	0	31
21	39295904	39296264	2	2	0	3	0	49
21	39298583	39312840	2	2	0	3	0	32
21	39312901	39313071	2	2	0	2	0	30
21	39313102	39313240	2	2	0	1	0	15
21	39343160	39345145	2	2	0	277	2	50
21	39345275	39345829	2	2	0	109	3	50
21	39345275	39347378	2	2	0	1	0	15
21	39345275	39348291	2	2	0	13	1	48
21	39345959	39347246	2	2	0	3	1	47
21	39345959	39347378	2	2	0	3	0	36
21	39345959	39348291	2	2	0	5	0	48
21	39347293	39347378	2	2	0	8	1	46
21	39347484	39347915	2	2	0	2	0	37
21	39347484	39348291	2	2	0	2	0	48
21	39347953	39348291	2	2	0	2	0	29
21	39348340	39348421	2	2	0	12	0	32
21	39348452	39348544	2	2	0	22	0	30
21	39348578	39348902	2	2	0	14	0	22
21	39390864	39391768	1	1	0	9	0	43
21	39391837	39393165	1	1	0	4	0	32
21	39393281	39396865	1	1	0	5	0	48
21	39445893	39462374	1	1	0	1	0	36
21	39511810	39515087	1	1	0	3	0	46
21	40013387	40042370	2	2	0	1	0	44
21	40131848	40133853	2	2	0	1	0	36
21	41147500	41147961	2	2	0	1	0	43
21	41148127	41168542	2	2	0	1	0	36
21	41168576	41226265	1	1	0	2	0	44
21	41226355	41237512	1	1	0	4	0	48
21	41237730	41241818	1	1	0	4	0	46
21	41241940	41243375	1	1	0	2	0	39
21	41241948	41243375	1	1	0	6	0	37
21	41243511	41245961	1	1	0	5	0	22
21	41246064	41250751	1	1	0	4	0	49
21	41250902	41257157	1	1	0	6	0	48
21	41257327	41275370	1	1	0	5	0	45
21	41323067	41338377	1	1	0	1	0	29
21	41347101	41348591	1	1	0	1	0	47
21	41348725	41357107	1	1	0	1	0	35
21	41377982	41380016	1	1	0	2	0	33
21	41380152	41382409	1	1	0	1	0	48
21	41390704	41395586	1	1	0	1	0	34
21	41390704	41441715	1	1	0	9	0	46
21	41395786	41397612	1	1	0	1	0	20
21	41402129	41403266	1	1	0	2	0	22
21	41403344	41406743	1	1	0	3	0	45
21	41406999	41407990	1	1	0	3	1	20
21	41427305	41427754	1	1	0	1	0	35
21	41432176	41435836	1	1	0	4	0	33
21	41436030	41437014	1	1	0	8	1	45
21	41437153	41439693	1	1	0	3	0	43
21	41439849	41440886	1	1	0	10	0	43
21	41441915	41443787	1	1	0	10	0	40
21	41443867	41445447	1	1	0	3	0	33
21	41445571	41445999	1	1	0	10	0	43
21	41446142	41449136	1	1	0	6	0	41
21	41449296	41451166	1	1	0	4	0	38
21	41451244	41452620	1	1	0	19	0	50
21	41452870	41458527	1	1	0	12	0	50
21	41466154	41467733	2	2	0	1	0	12
21	41467887	41468395	2	2	0	3	0	32
21	41471982	41473324	2	2	0	2	0	27
21	41479283	41480475	2	2	0	2	0	25
21	41488514	41489506	2	2	0	2	0	43
21	41489594	41494355	2	2	0	3	0	41
21	41741998	41743881	2	2	0	3	0	21
21	41745863	41746612	2	2	0	2	0	20
21	41746772	41749153	2	2	0	3	0	28
21	41749204	41751096	2	2	0	1	0	30
21	41751246	41756337	2	2	0	1	0	14
21	41751246	41756524	2	2	0	2	0	49
21	41756817	41766859	2	2	0	3	0	20
21	41798744	41800183	2	2	0	1	0	30
21	41801723	41802711	2	2	0	2	0	37
21	41802922	41804533	2	2	0	2	0	37
21	41815837	41819581	2	2	0	1	0	41
21	41821231	41821902	2	2	0	1	0	27
21	41823450	41825959	2	2	0	1	0	49
21	41826055	41828165	2	2	0	1	0	17
21	41839854	41847089	2	2	0	1	0	33
21	41854819	41857175	2	2	0	3	0	21
21	41889345	41899052	2	2	0	3	0	21
21	41899363	41901621	2	2	0	2	0	43
21	41901750	41905723	2	2	0	1	0	48
21	41905838	41906991	2	2	0	1	0	45
21	41907785	41909458	2	2	0	1	0	37
21	41914722	41918104	2	2	0	2	0	49
21	41918228	41918855	2	2	0	3	0	31
21	41994109	42002349	2	2	0	1	0	27
21	42219305	42225670	1	1	0	1	0	20
21	42225915	42271069	1	1	0	5	0	46
21	42271188	42273302	1	1	0	3	0	40
21	42273436	42276894	1	1	0	2	0	15
21	42273436	42282273	1	1	0	1	0	45
21	42276946	42282273	1	1	0	1	0	44
21	42282420	42284559	1	1	0	1	0	36
21	42284684	42285879	1	1	0	1	0	36
21	42285995	42287888	1	1	0	2	0	47
21	42288038	42288210	1	1	0	1	0	37
21	42288074	42288210	1	1	0	3	0	50
21	42288313	42290049	1	1	0	2	0	17
21	42290219	42291091	1	1	0	2	0	38
21	42290219	42291497	1	1	0	1	0	47
21	42291657	42294541	1	1	0	4	0	37
21	42294661	42296163	1	1	0	4	0	33
21	42347633	42349880	2	2	0	1	0	45
21	42375869	42376540	2	2	0	1	0	38
21	42376684	42380116	2	2	0	1	0	35
21	42380213	42382064	2	2	0	2	0	47
21	42382235	42383032	2	2	0	1	0	22
21	42383199	42383969	2	2	0	3	0	19
21	42384014	42385408	2	2	0	3	0	41
21	42385535	42388402	2	2	0	3	0	50
21	42389046	42389926	2	2	0	1	0	42
21	42390038	42395323	2	2	0	1	0	31
21	42395469	42395941	2	2	0	5	0	46
21	42442597	42443311	1	1	0	1	0	42
21	42472871	42475897	2	2	0	3	0	28
21	42477445	42482636	2	2	0	5	0	48
21	42482709	42485696	2	2	0	1	0	26
21	42485805	42486370	2	2	0	3	0	28
21	42486462	42492757	2	2	0	2	0	42
21	42492864	42492965	2	2	0	1	0	19
21	42518511	42525775	1	1	0	3	0	43
21	42525858	42534697	1	1	0	2	0	21
21	42535546	42539506	2	2	0	1	0	42
21	42539648	42542403	1	1	0	1	0	48
21	42543603	42547102	1	1	0	4	0	38
21	42547141	42554061	1	1	0	2	0	21
21	42554143	42558957	1	1	0	1	0	28
21	42559090	42562077	1	1	0	1	0	17
21	42567059	42568359	1	1	0	2	0	23
21	42574916	42579735	1	1	0	1	0	47
21	42751198	42753989	1	1	0	1	0	38
21	42762240	42765380	1	1	0	4	0	46
21	42850243	42852254	2	2	0	1	0	24
21	42854627	42855681	2	2	0	2	0	47
21	42859723	42862281	2	2	0	1	0	28
21	42873692	42876701	2	2	0	1	0	45
21	42893382	42896926	1	1	0	9	0	48
21	42897048	42903181	1	1	0	8	0	39
21	42897048	42908863	1	1	0	15	0	49
21	42904277	42908863	1	1	0	9	0	46
21	43004433	43007490	1	1	0	1	0	30
21	43010225	43013067	1	1	0	3	0	46
21	43013239	43016907	1	1	0	1	0	15
21	43024948	43028701	1	1	0	3	0	40
21	43028875	43029889	1	1	0	4	0	23
21	43031618	43035236	1	1	0	1	0	39
21	43053984	43056802	2	2	0	0	2	30
21	43058254	43058833	2	2	0	0	1	24
21	43058969	43059225	2	2	0	0	1	19
21	43059304	43060440	2	2	0	0	2	40
21	43060547	43062310	2	2	0	0	1	26
21	43062396	43062952	2	2	0	0	5	48
21	43063079	43063899	2	2	0	2	4	46
21	43063992	43065202	2	2	0	4	0	50
21	43065273	43065386	2	2	0	3	3	47
21	43065522	43065615	2	2	0	0	2	30
21	43065696	43066242	2	2	0	0	3	32
21	43066378	43068508	2	2	0	0	5	49
21	43068616	43071984	2	2	0	0	6	46
21	43072202	43073265	2	2	0	0	2	37
21	43093250	43094470	2	2	0	0	21	46
21	43094564	43094654	2	2	0	0	51	49
21	43094789	43095437	2	2	0	0	74	50
21	43095537	43095693	2	2	0	0	31	47
21	43095744	43100452	2	2	0	0	24	48
21	43095744	43101365	2	2	0	0	1	15
21	43100520	43104314	2	2	0	0	39	50
21	43104403	43107450	2	2	0	0	11	47
21	43417118	43417542	2	2	0	0	1	36
21	43417775	43418259	2	2	0	0	5	48
21	43418542	43419020	2	2	0	0	4	39
21	43419238	43419352	2	2	0	0	1	45
21	43419479	43419858	2	2	0	0	3	46
21	43420006	43420233	2	2	0	0	3	45
21	43420458	43421009	2	2	0	0	2	43
21	43421134	43421242	2	2	0	0	1	38
21	43421800	43421973	2	2	0	0	3	36
21	43422038	43425406	2	2	0	0	1	37
21	43425524	43426022	2	2	0	0	1	39
21	43630455	43633271	2	2	0	1	0	45
21	43658321	43659385	2	2	0	1	0	31
21	43669967	43672307	1	1	0	1	0	25
21	43674698	43675033	1	1	0	3	0	47
21	43675164	43676271	1	1	0	5	0	40
21	43676915	43683278	1	1	0	3	1	38
21	43683374	43684552	1	1	0	1	0	17
21	43686936	43687515	1	1	0	6	0	37
21	43688241	43690287	1	1	0	3	0	44
21	43690441	43691438	1	1	0	5	0	43
21	43691503	43693189	1	1	0	4	0	40
21	43719382	43734068	1	1	0	2	0	49
21	43732443	43734068	1	1	0	1	0	36
21	43734124	43741666	1	1	0	2	0	40
21	43741772	43743723	1	1	0	1	0	28
21	43743808	43746078	1	1	0	2	0	20
21	43746126	43748994	1	1	0	2	0	34
21	43749081	43750499	1	1	0	2	0	29
21	43750546	43752517	1	1	0	5	0	34
21	43752630	43753582	1	1	0	6	0	45
21	43753720	43755697	1	1	0	8	0	37
21	43755765	43755950	1	1	0	13	0	36
21	43774331	43774657	2	2	0	71	0	50
21	43774760	43776203	2	2	0	34	2	50
21	43789763	43791349	1	1	0	6	0	47
21	43793405	43795188	1	1	0	2	0	31
21	43797552	43797630	1	1	0	5	0	49
21	43797696	43797906	1	1	0	4	0	45
21	43798101	43799569	1	1	0	2	0	26
21	43799650	43800516	1	1	0	1	0	45
21	43800615	43800861	1	1	0	2	0	20
21	43800882	43802273	1	1	0	1	0	20
21	43802388	43803511	1	1	0	3	0	47
21	43803418	43803511	1	1	0	1	0	44
21	43959860	43967945	1	1	0	3	0	47
21	43968078	43969117	1	1	0	1	0	41
21	43969280	43970652	1	1	0	2	0	33
21	43970807	43971387	1	1	0	5	0	50
21	43971491	43978045	1	1	0	1	0	33
21	43978122	43980988	1	1	0	1	0	28
21	43981188	43982303	1	1	0	5	0	45
21	44052477	44055697	1	1	0	2	0	48
21	44063786	44074323	1	1	0	4	0	41
21	44074471	44075038	1	1	0	1	0	40
21	44077785	44079563	1	1	0	1	0	30
21	44080128	44082787	1	1	0	2	0	34
21	44083303	44084121	1	1	0	4	0	31
21	44084264	44086801	1	1	0	3	0	46
21	44086961	44087698	1	1	0	1	0	15
21	44087929	44089832	1	1	0	6	0	45
21	44089934	44091922	1	1	0	3	0	49
21	44092050	44094062	1	1	0	3	0	37
21	44094234	44098356	1	1	0	2	0	17
21	44098535	44102777	1	1	0	0	3	45
21	44102973	44103292	1	1	0	0	2	37
21	44114279	44114624	1	1	0	0	2	31
21	44114769	44115263	1	1	0	0	1	36
21	44115400	44115690	1	1	0	0	3	38
21	44118834	44119386	1	1	0	0	2	24
21	44119524	44120347	1	1	0	0	1	20
21	44120497	44120630	1	1	0	0	4	27
21	44121103	44122176	1	1	0	0	1	47
21	44122358	44124579	1	1	0	0	1	14
21	44126966	44127931	1	1	0	0	3	29
21	44128151	44128246	1	1	0	0	5	30
21	44128398	44128551	1	1	0	0	3	34
21	44128627	44130596	1	1	0	0	1	22
21	44133839	44134101	1	1	0	0	14	49
21	44133839	44136059	1	1	0	0	1	23
21	44134155	44136059	1	1	0	0	10	50
21	44136174	44137176	1	1	0	0	13	46
21	44137297	44140249	1	1	0	0	7	49
21	44140343	44143204	1	1	0	0	6	27
21	44144323	44190800	2	2	0	1	0	14
21	44231445	44235271	2	2	0	0	3	15
21	44235563	44236866	2	2	0	0	4	40
21	44237218	44238447	2	2	0	0	1	25
21	44238489	44240803	2	2	0	0	1	21
21	44300191	44306680	1	1	0	3	0	50
21	44306755	44312977	1	1	0	1	0	38
21	44311084	44312104	1	1	0	7	0	48
21	44312295	44312977	1	1	0	6	0	45
21	44313144	44313637	1	1	0	6	0	41
21	44313683	44313912	1	1	0	2	0	32
21	44314022	44316243	1	1	0	4	0	41
21	44316340	44316431	1	1	0	4	0	50
21	44316525	44318469	1	1	0	2	0	32
21	44318596	44319350	1	1	0	4	0	45
21	44319416	44320083	1	1	0	6	0	44
21	44320148	44321728	1	1	0	6	0	42
21	44321876	44322132	1	1	0	8	0	39
21	44322204	44322961	1	1	0	4	0	23
21	44323050	44323765	1	1	0	5	0	44
21	44323919	44324490	1	1	0	15	0	48
21	44324656	44324855	1	1	0	16	0	45
21	44324918	44325152	1	1	0	7	0	40
21	44325265	44325960	1	1	0	8	0	45
21	44325278	44325960	1	1	0	1	0	25
21	44326061	44326158	1	1	0	9	0	47
21	44326265	44326714	1	1	0	12	0	40
21	44330327	44330822	2	2	0	1	0	44
21	44330917	44331842	2	2	0	1	0	33
21	44332015	44333032	2	2	0	5	0	45
21	44333263	44334060	2	2	0	1	0	23
21	44335572	44335757	2	2	0	1	0	17
21	44364283	44366753	1	1	0	2	0	45
21	44366935	44369176	1	1	0	1	0	33
21	44391026	44391271	1	1	0	1	0	17
21	44414075	44417926	1	1	0	2	0	45
21	44439169	44440788	1	1	0	2	0	14
21	44440906	44441691	1	1	0	1	0	33
21	44771490	44773546	2	2	0	4	0	46
21	44773688	44777298	2	2	0	5	0	48
21	44787966	44788059	2	2	0	1	0	36
21	44788096	44801705	2	2	0	1	0	23
21	44807041	44808996	2	2	0	1	0	18
21	44807041	44809046	2	2	0	12	0	43
21	44814105	44817947	2	2	0	5	0	24
21	44851628	44855209	2	2	0	18	0	48
21	44855257	44856192	2	2	0	20	3	47
21	44856365	44861162	2	2	0	12	0	47
21	44861272	44865394	2	2	0	9	0	47
21	44865448	44873501	2	2	0	13	0	44
21	44886431	44886735	2	2	0	22	0	45
21	44886903	44888692	2	2	0	14	1	43
21	44888896	44889275	2	2	0	15	0	49
21	44889496	44889977	2	2	0	5	0	41
21	44890223	44891808	2	2	0	7	0	47
21	44891997	44893403	2	2	0	8	0	44
21	44893545	44894970	2	2	0	7	0	41
21	44895061	44899066	2	2	0	2	0	30
21	44899163	44900319	2	2	0	4	0	41
21	44900476	44901491	2	2	0	8	0	44
21	44901734	44903364	2	2	0	7	0	46
21	44903536	44906914	2	2	0	12	0	48
21	44907096	44910283	2	2	0	3	0	34
21	44910373	44910724	2	2	0	1	0	21
21	44943793	44960099	1	1	0	1	0	35
21	44943838	44960099	1	1	0	3	0	45
21	44960169	44967033	1	1	0	1	0	39
21	44967182	44973196	1	1	0	3	0	39
21	44967182	44973199	1	1	0	1	0	40
21	44973266	44976679	1	1	0	5	0	48
21	45128574	45171609	1	1	0	2	0	36
21	45176665	45180329	1	1	0	4	0	50
21	45180445	45182584	1	1	0	2	0	41
21	45182754	45183361	1	1	0	2	0	47
21	45183511	45184922	1	1	0	1	0	20
21	45185092	45204554	1	1	0	3	0	28
21	45204737	45220835	1	3	0	6	0	40
21	45221015	45222017	1	1	0	2	0	39
21	45223578	45223825	1	1	0	1	0	37
21	45224471	45225546	1	3	0	1	0	48
21	45265587	45266153	2	2	0	1	0	20
21	45265636	45266021	2	2	0	3	0	19
21	45265636	45267589	2	2	0	1	0	24
21	45266228	45267589	2	2	0	1	0	34
21	45270020	45277016	2	2	0	1	0	14
21	45278170	45282348	2	2	0	1	0	16
21	45282460	45283382	2	2	0	1	0	25
21	45283528	45285677	2	2	0	3	0	33
21	45285929	45287740	2	2	0	2	0	33
21	45304286	45331180	1	1	0	0	1	12
21	45405242	45405378	1	1	0	3	0	38
21	45405474	45468241	1	1	0	9	0	44
21	45420403	45468241	1	1	0	1	0	14
21	45467667	45468241	1	1	0	2	0	24
21	45468787	45473894	1	1	0	23	0	44
21	45469987	45471626	1	1	0	1	0	16
21	45471851	45473894	1	1	0	1	0	47
21	45473982	45475475	1	1	0	12	0	48
21	45475536	45476350	1	1	0	14	0	49
21	45476481	45477410	1	1	0	17	0	47
21	45477488	45477749	1	1	0	18	0	47
21	45477966	45478326	1	1	0	10	0	27
21	45478354	45478985	1	1	0	1	0	19
21	45478354	45479901	1	1	0	13	0	27
21	45479067	45479901	1	1	0	1	0	28
21	45479965	45480069	1	1	0	8	0	23
21	45480157	45480466	1	1	0	2	0	21
21	45480521	45480699	1	1	0	6	0	44
21	45480859	45481962	1	1	0	15	0	48
21	45482026	45482794	1	1	0	15	0	27
21	45482822	45486860	1	1	0	12	0	27
21	45486993	45487446	1	1	0	3	0	25
21	45487510	45488417	1	1	0	1	0	27
21	45488445	45489485	1	1	0	3	0	30
21	45489522	45490274	1	1	0	5	0	38
21	45490347	45490835	1	1	0	1	0	36
21	45490872	45491224	1	1	0	1	0	27
21	45497662	45504010	1	1	0	5	0	36
21	45504055	45504415	1	1	0	3	1	40
21	45504557	45505133	1	1	0	12	2	22
21	45505432	45505834	1	1	0	2	0	26
21	45505432	45505837	1	1	0	5	0	35
21	45505967	45507560	1	1	0	20	0	34
21	45507594	45509355	1	1	0	29	0	38
21	45509602	45510063	1	1	0	24	0	46
21	45509980	45510063	1	1	0	1	0	25
21	45510262	45511110	1	1	0	32	0	46
21	45511227	45512187	1	1	0	50	0	50
21	45515153	45525816	2	2	0	2	0	22
21	45516141	45525816	2	2	0	1	0	35
21	45538009	45542367	2	2	0	1	0	21
21	45863760	45896207	1	1	0	1	0	12
21	45940200	45941669	1	1	0	1	0	43
21	45981948	45982633	1	1	0	38	0	50
21	45982764	45984268	1	1	0	34	0	50
21	45984470	45986525	1	1	0	41	0	49
21	45986686	45986943	1	1	0	45	0	48
21	45987073	45987154	1	1	0	19	0	21
21	45987176	45987498	1	1	0	20	0	21
21	45987520	45987609	1	1	0	13	0	21
21	45987655	45989083	1	1	0	3	0	36
21	45989138	45989607	1	1	0	1	0	36
21	45989779	45990257	1	1	0	1	0	27
21	45990285	45990377	1	1	0	1	0	27
21	45990827	45990978	1	1	0	1	0	31
21	45992218	45992362	1	1	0	1	0	26
21	45992399	45992747	1	1	0	1	0	22
21	45998172	45998397	1	1	0	1	0	26
21	45998434	45998896	1	1	0	1	0	33
21	45998960	45999152	1	1	0	2	0	36
21	45999219	45999656	1	1	0	5	0	36
21	45999693	46000330	1	1	0	8	0	37
21	46001387	46001960	1	1	0	43	0	48
21	46002071	46002217	1	1	0	39	0	48
21	46002402	46002526	1	1	0	78	0	50
21	46003150	46003390	1	1	0	51	1	32
21	46003999	46004575	1	1	0	1	0	41
21	46098174	46111449	1	1	0	5	0	48
21	46112578	46112803	1	1	0	12	0	30
21	46112825	46114007	1	1	0	4	0	21
21	46114074	46115871	1	1	0	6	0	39
21	46115926	46116008	1	1	0	5	0	29
21	46116054	46116376	1	1	0	2	0	27
21	46121619	46122107	1	1	0	2	0	44
21	46122159	46122495	1	1	0	1	0	22
21	46122938	46124650	1	1	0	2	0	37
21	46124714	46124884	1	1	0	3	0	20
21	46124921	46125265	1	1	0	8	0	36
21	46124921	46125464	1	1	0	2	0	12
21	46125312	46125464	1	1	0	7	0	41
21	46125618	46125784	1	1	0	30	0	44
21	46126238	46126502	1	1	0	40	0	39
21	46126542	46129195	1	1	0	7	1	39
21	46126542	46131953	1	1	0	22	0	39
21	46161706	46161915	2	2	0	3	0	47
21	46162068	46168307	2	2	0	4	0	22
21	46168659	46184355	2	2	0	3	0	38
21	46191236	46191880	2	2	0	2	0	32
21	46191960	46194490	2	2	0	1	0	14
21	46194662	46195675	2	2	0	1	0	38
21	46196268	46205835	2	2	0	1	0	36
21	46206769	46207427	2	2	0	1	0	45
21	46207578	46208250	2	2	0	1	0	27
21	46208302	46209553	2	2	0	1	0	27
21	46213836	46215179	2	2	0	1	0	15
21	46215299	46215684	2	2	0	2	0	47
21	46215794	46216388	2	2	0	1	0	21
21	46216525	46219475	2	2	0	1	0	34
21	46221976	46222629	2	2	0	2	0	17
21	46222739	46227551	2	2	0	2	0	33
21	46229267	46240833	1	1	0	1	0	26
21	46235427	46236828	2	2	0	20	0	42
21	46236895	46240810	2	2	0	1	0	37
21	46236980	46240810	2	2	0	10	0	44
21	46241018	46242801	2	2	0	10	0	47
21	46242932	46243464	2	2	0	9	0	47
21	46243723	46244806	2	2	0	14	0	35
21	46245198	46246306	2	2	0	4	0	48
21	46246405	46246627	2	2	0	3	0	14
21	46246887	46251528	2	2	0	3	0	33
21	46251683	46254391	2	2	0	5	0	47
21	46254527	46254775	2	2	0	1	0	35
21	46254845	46256788	2	2	0	2	0	32
21	46256987	46258938	2	2	0	7	0	48
21	46259092	46260792	2	2	0	1	0	47
21	46260907	46261279	2	2	0	3	0	41
21	46261412	46264116	2	2	0	4	0	46
21	46264218	46265320	2	2	0	6	0	45
21	46265524	46265924	2	2	0	2	0	17
21	46266167	46266981	2	2	0	2	0	18
21	46267143	46270400	2	2	0	1	0	24
21	46270564	46272560	2	2	0	3	0	46
21	46272830	46273387	2	2	0	4	0	43
21	46273586	46275185	2	2	0	2	0	44
21	46275326	46277526	2	2	0	1	0	19
21	46277718	46279992	2	2	0	3	0	38
21	46280138	46280496	2	2	0	2	0	49
21	46280576	46283614	2	2	0	4	0	44
21	46283839	46284067	2	2	0	2	0	22
21	46285395	46285698	2	2	0	2	0	39
21	46286416	46286869	1	1	0	4	0	34
21	46286738	46286869	1	1	0	3	0	41
21	46286744	46286869	1	1	0	1	0	21
21	46287124	46291333	1	1	0	4	0	45
21	46287124	46296161	1	1	0	1	0	35
21	46291463	46296161	1	1	0	3	0	33
21	46296231	46297538	1	1	0	4	0	35
21	46302577	46311455	2	2	0	1	0	15
21	46311568	46314715	2	2	0	2	0	25
21	46315548	46317207	2	2	0	3	0	35
21	46318221	46318784	2	2	0	1	0	21
21	46318962	46322638	2	2	0	2	0	37
21	46324283	46326376	1	1	0	1	0	48
21	46326590	46334396	1	1	0	1	0	26
21	46346209	46346742	1	1	0	1	0	50
21	46346999	46347456	1	1	0	1	0	32
21	46347513	46349011	1	1	0	1	0	13
21	46349187	46349683	1	1	0	2	0	34
21	46349821	46351428	1	1	0	1	0	12
21	46351541	46353103	1	1	0	1	0	48
21	46353327	46353986	1	1	0	1	0	42
21	46354069	46355451	1	1	0	1	0	21
21	46355627	46356973	1	1	0	2	0	28
21	46357192	46363479	1	1	0	4	0	43
21	46363935	46366583	1	1	0	2	0	41
21	46367140	46381693	1	1	0	1	0	16
21	46385984	46388741	1	1	0	1	0	47
21	46389432	46390669	1	1	0	2	0	34
21	46397495	46398013	1	1	0	1	0	15
21	46398131	46398234	1	1	0	1	0	21
21	46398256	46399589	1	1	0	1	0	19
21	46399797	46401550	1	1	0	1	0	15
21	46402484	46411188	1	1	0	2	0	38
21	46416840	46418203	1	1	0	5	0	32
21	46418307	46421969	1	1	0	1	0	34
21	46422125	46425830	1	1	0	2	0	39
21	46427796	46428394	1	1	0	6	0	43
21	46428591	46430009	1	1	0	1	0	19
21	46430658	46431528	1	1	0	2	0	18
21	46431979	46435903	1	1	0	3	0	32
21	46432216	46435903	1	1	0	3	0	45
21	46436149	46436978	1	1	0	2	0	30
21	46437082	46438163	1	1	0	3	0	33
21	46438338	46440082	1	1	0	1	0	15
21	46440203	46440854	1	1	0	2	0	35
21	46441085	46442496	1	1	0	1	0	24
21	46441085	46445283	1	1	0	1	0	35
21	46442574	46443809	1	1	0	2	0	28
21	46443949	46444693	1	1	0	2	0	41
21	46444822	46445283	1	1	0	4	0	42
21	46484829	46490599	1	1	0	1	0	12
21	46490720	46496987	1	1	0	3	0	37
21	46498834	46504357	1	1	0	1	0	29
21	46498834	46504360	1	1	0	2	0	28
21	46509377	46511416	1	1	0	1	0	23
21	46534114	46534584	1	1	0	2	0	48
21	46537289	46537445	1	1	0	1	0	37
21	46538603	46539876	1	1	0	1	0	41
21	46541896	46545136	1	1	0	4	0	43
21	46545962	46546914	1	1	0	1	0	26
21	46547043	46549770	1	1	0	1	0	40
21	46549886	46550542	1	1	0	2	0	28
21	46550745	46551633	1	1	0	1	0	13
21	46551744	46551823	1	1	0	2	0	46
21	46554293	46554574	1	1	0	3	0	20
21	46554697	46554821	1	1	0	3	0	45
21	46554934	46555981	1	1	0	1	0	37
21	46557754	46558222	1	1	0	2	0	35
21	46558394	46560721	1	1	0	2	0	24
21	46561806	46562754	1	1	0	1	0	24
21	46562629	46562754	1	1	0	1	0	26
21	46563933	46565712	1	1	0	2	0	37
21	46566684	46567369	1	1	0	1	0	26
21	46567675	46570629	1	1	0	2	0	19
21	46599504	46602277	2	2	0	5	0	48
21	46635764	46636895	1	1	0	2	0	45
21	46636548	46636895	1	1	0	6	0	44
21	46643640	46644305	1	1	0	9	0	35
21	46644489	46648457	1	1	0	13	0	45
21	46648620	46649574	1	1	0	14	0	47
21	46649740	46658744	1	1	0	11	0	47
21	46658921	46660832	1	1	0	11	0	47
21	46660963	46661799	1	1	0	8	0	42
21	46661937	46663382	1	1	0	6	0	38
21	46663555	46664294	1	1	0	13	0	45
